av-system-power,av-program-power,system-energy,program-energy,program-net-energy,energy-cores,energy-pkg,energy-ram,execution-time
2.95,3.75,29.48,37.47,7.99,0,130.78,35.7,5.00091
11.86,13.71,118.57,137.09,18.52
3.12,3.22,31.23,32.20,0.97,0,126.26,30.2,5.00086
12.31,13.33,123.11,133.25,10.14
2.98,3.43,29.76,34.34,4.58,0,129.02,33.08,5.00092
12.52,13.44,125.16,134.45,9.28
3.60,4.39,36.04,43.87,7.83,0,190.77,41.95,5.00082
15.77,19.90,157.73,198.99,41.26
3.46,3.54,34.65,35.44,0.79,0,147.38,33.08,5.00083
15.45,15.65,154.52,156.45,1.93
4.03,5.22,40.33,52.18,11.86,0,247.73,52.58,5.00076
18.16,25.03,181.59,250.30,68.70
4.52,6.50,54.24,77.99,23.74,0,279.92,64.87,5.00078
19.94,28.33,239.28,339.98,100.70
4.56,6.50,45.64,64.97,19.33,0,281.48,64.87,5.00089
19.98,28.39,199.78,283.93,84.15
4.60,5.70,45.96,57.02,11.06,0,291.18,55.58,5.00081
22.58,29.76,225.83,297.58,71.75
4.50,6.51,45.00,65.07,20.07,0,307.33,64.98,5.00085
21.02,31.13,210.17,311.31,101.13
4.46,6.50,44.56,64.97,20.41,0,275.41,64.87,5.0008
20.11,28.01,201.12,280.10,78.98
4.49,6.54,44.86,65.40,20.54,0,383.57,65.32,5.0008
24.56,38.51,245.59,385.05,139.47
4.57,6.54,45.65,65.35,19.70,0,336.46,65.26,5.00088
22.68,33.98,226.84,339.82,112.98
4.54,6.50,45.40,65.00,19.60,0,307.05,64.91,5.00082
22.02,31.24,220.22,312.40,92.18
4.56,6.54,54.74,78.48,23.74,0,426.47,65.37,5.0008
26.55,42.74,318.58,512.86,194.28
4.52,6.50,45.25,65.00,19.75,0,384.76,64.93,5.00089
24.95,38.85,249.53,388.49,138.96
4.50,6.52,44.95,65.15,20.20,0,329.72,65.02,5.00092
22.07,33.32,220.70,333.20,112.50
4.53,6.55,45.34,65.49,20.15,0,479.61,65.36,5.00078
29.50,48.02,294.99,480.20,185.21
3.43,3.41,34.30,34.12,-0.18,0,126.9,32.67,5.0009
13.77,13.21,137.68,132.13,-5.55
3.15,3.64,31.54,36.36,4.82,0,135.69,33.42,5.00091
12.54,14.27,125.44,142.65,17.21
2.93,3.37,29.31,33.70,4.39,0,128.01,31.26,5.00094
12.67,13.38,126.68,133.78,7.10
3.84,4.28,46.07,51.35,5.28,0,191.38,41.66,5.00084
16.23,19.62,194.71,235.47,40.75
3.46,4.22,41.57,50.64,9.07,0,174.31,41.6,5.00079
15.64,17.83,187.70,213.94,26.24
3.42,4.34,34.22,43.40,9.17,0,217.43,41.97,5.0008
16.96,22.33,169.64,223.32,53.68
4.57,6.49,45.74,64.91,19.17,0,279.82,64.8,5.00087
19.81,28.37,198.06,283.66,85.61
4.58,6.53,45.77,65.26,19.49,0,281.45,65.16,5.00089
19.88,28.51,198.79,285.08,86.29
3.93,4.34,39.29,43.45,4.16,0,247.47,42.06,5.00072
19.89,25.33,198.87,253.33,54.46
4.73,6.50,47.30,65.03,17.73,0,308,64.86,5.00077
21.63,31.17,216.28,311.73,95.45
4.10,4.82,41.04,48.24,7.21,0,226.81,47.49,5.00091
18.91,23.16,189.13,231.58,42.45
4.49,6.55,44.85,65.52,20.67,0,384.17,65.45,5.00079
24.46,38.57,244.57,385.65,141.08
4.49,6.51,53.92,78.09,24.17,0,339.42,64.97,5.0008
22.83,34.22,273.93,410.60,136.66
4.55,6.52,45.53,65.16,19.63,0,315.41,65.05,5.00088
22.00,31.86,219.97,318.60,98.63
4.54,6.54,45.38,65.37,19.99,0,426.94,65.29,5.00084
27.01,42.79,270.09,427.95,157.86
4.41,6.52,44.09,65.18,21.09,0,379.53,65.1,5.00077
24.40,38.33,244.02,383.27,139.24
4.53,6.51,45.31,65.07,19.76,0,332.08,65.05,5.00083
22.70,33.56,226.96,335.58,108.62
4.48,6.54,44.79,65.39,20.60,0,477.9,65.36,5.00078
28.99,47.84,289.93,478.37,188.44
3.31,3.16,33.12,31.60,-1.52,0,125.13,29.39,5.00085
14.63,13.14,146.27,131.37,-14.91
3.42,3.23,41.06,38.73,-2.33,0,124.84,30.49,5.0008
13.14,13.00,157.62,155.97,-1.66
2.79,3.71,27.91,37.13,9.22,0,132.16,35.57,5.00093
11.90,13.74,119.01,137.42,18.41
3.50,4.08,35.02,40.84,5.82,0,178.37,38.44,5.00094
15.56,18.72,155.62,187.21,31.59
3.49,3.46,34.88,34.65,-0.23,0,148.92,32.7,5.00092
15.16,15.63,151.56,156.28,4.72
3.81,4.60,38.10,46.03,7.93,0,222.14,44.2,5.00071
17.70,22.97,176.96,229.73,52.78
4.54,6.52,45.41,65.18,19.77,0,278.29,64.19,5.00085
19.78,28.39,197.77,283.94,86.17
4.61,6.52,46.14,65.20,19.06,0,282.64,65.06,5.00083
20.29,28.64,202.93,286.37,83.44
4.55,6.55,45.46,65.53,20.07,0,338.44,65.42,5.00082
22.70,34.00,227.01,339.99,112.98
4.54,6.52,54.48,78.29,23.81,0,306.22,65.15,5.00084
21.39,30.94,256.69,371.28,114.60
3.92,4.79,39.19,47.88,8.69,0,226.59,46.95,5.00088
18.15,23.12,181.51,231.16,49.66
4.50,6.55,45.03,65.46,20.43,0,384.88,65.38,5.00075
24.96,38.62,249.63,386.15,136.52
4.48,6.53,44.79,65.33,20.54,0,338.09,65.22,5.00088
22.45,34.17,224.54,341.67,117.12
4.52,6.52,45.22,65.21,19.99,0,319.15,65.04,5.00078
22.10,32.40,221.02,324.00,102.98
4.47,6.55,44.69,65.48,20.79,0,426.55,65.46,5.00074
26.60,42.75,266.02,427.54,161.52
4.58,6.52,54.98,78.26,23.28,0,384.62,65.13,5.00079
25.22,38.79,302.60,465.42,162.82
4.54,6.50,45.45,64.95,19.51,0,327.75,64.87,5.00074
22.33,33.03,223.29,330.33,107.04
4.54,6.54,45.40,65.38,19.99,0,479.02,65.31,5.00079
29.38,47.97,293.83,479.66,185.83
3.03,3.55,30.27,35.50,5.23,0,132.58,34,5.0009
13.08,13.87,130.80,138.72,7.92
4.08,4.11,40.83,41.10,0.28,0,142.32,39.61,5.00078
14.55,14.80,145.48,147.95,2.47
3.74,3.65,37.35,36.45,-0.90,0,132.01,35.69,5.00081
14.32,13.67,143.19,136.70,-6.48
4.54,5.33,45.37,53.29,7.92,0,225.15,52.64,5.00075
18.39,23.15,183.86,231.53,47.67
4.48,4.57,53.78,54.83,1.05,0,181.27,44.78,5.00079
18.16,18.48,217.89,221.75,3.87
4.17,4.31,41.73,43.07,1.34,0,208.72,42.04,5.00078
18.66,21.30,186.63,213.03,26.40
4.72,5.85,47.25,58.48,11.23,0,258.77,57.84,5.00093
20.28,26.40,202.77,263.98,61.22
4.46,4.98,44.57,49.75,5.19,0,226.16,48.62,5.00065
19.13,23.17,191.33,231.68,40.35
4.40,4.29,43.97,42.94,-1.03,0,242.22,41.18,5.00071
20.79,24.91,207.86,249.09,41.23
4.53,6.54,45.26,65.35,20.10,0,306.43,65.2,5.00095
21.07,31.04,210.71,310.37,99.65
4.09,4.88,40.86,48.77,7.91,0,227.23,47.3,5.00088
18.96,23.42,189.61,234.15,44.54
4.75,6.56,57.05,78.70,21.66,0,383.78,65.5,5.00087
24.65,38.49,295.78,461.87,166.09
4.55,6.53,45.48,65.27,19.79,0,337.26,65.21,5.00087
22.42,34.10,224.16,340.95,116.80
4.51,6.52,45.06,65.21,20.15,0,324.42,65.08,5.00083
21.79,32.84,217.88,328.36,110.48
4.62,6.55,46.23,65.50,19.26,0,426.92,65.45,5.00078
27.07,42.81,270.69,428.08,157.39
4.52,6.52,45.24,65.23,19.99,0,384.42,65.03,5.00072
25.08,38.83,250.80,388.27,137.47
4.53,6.52,45.26,65.20,19.94,0,331.68,65.11,5.00083
22.93,33.57,229.35,335.72,106.37
4.54,6.56,54.50,78.66,24.16,0,480.7,65.45,5.00081
29.00,48.14,347.96,577.66,229.70
3.08,3.13,30.80,31.35,0.54,0,124,29.1,5.00091
12.30,13.03,122.97,130.33,7.36
3.05,3.61,30.55,36.10,5.55,0,134.53,34.2,5.00085
12.14,14.02,121.40,140.18,18.78
2.96,3.32,29.57,33.21,3.63,0,128.08,31.47,5.00095
12.26,13.33,122.62,133.28,10.66
3.62,3.49,36.23,34.91,-1.31,0,162.07,32.63,5.00072
15.71,16.99,157.05,169.93,12.87
3.55,3.94,35.51,39.43,3.92,0,162.43,37.16,5.00077
15.45,17.01,154.49,170.09,15.60
3.88,4.85,46.54,58.17,11.64,0,235.92,47.46,5.00084
17.84,23.99,214.02,287.88,73.86
4.69,6.51,46.90,65.10,18.19,0,280.03,65.03,5.00084
19.99,28.36,199.92,283.59,83.67
4.52,6.53,45.17,65.26,20.08,0,281.69,65.17,5.00081
19.68,28.58,196.76,285.84,89.08
3.72,4.30,37.25,43.01,5.76,0,245.22,41.4,5.00092
19.55,25.15,195.49,251.46,55.97
4.62,6.53,46.21,65.27,19.06,0,305.69,65.14,5.00079
21.29,30.96,212.87,309.60,96.72
3.93,5.63,39.27,56.33,17.06,0,246.48,54.04,5.00079
18.57,25.49,185.74,254.94,69.20
4.48,6.54,44.75,65.44,20.68,0,384.05,65.35,5.00086
24.36,38.54,243.56,385.44,141.88
4.60,6.52,55.20,78.19,22.98,0,336.47,65.07,5.00084
22.98,33.95,275.79,407.36,131.57
4.52,6.52,45.23,65.19,19.95,0,309.05,65.05,5.00079
21.67,31.29,216.66,312.95,96.29
4.52,6.56,45.21,65.56,20.35,0,427.37,65.47,5.00077
26.88,42.83,268.79,428.26,159.47
4.52,6.50,45.22,65.04,19.82,0,384.27,64.93,5.00086
24.65,38.81,246.45,388.07,141.62
4.50,6.52,45.00,65.21,20.21,0,324.35,65.04,5.00086
22.52,32.81,225.15,328.11,102.96
4.53,6.55,54.35,78.61,24.26,0,473.43,65.46,5.00074
28.48,47.37,341.75,568.46,226.71
2.94,3.38,29.38,33.76,4.39,0,125.06,31.57,5.00095
12.13,13.12,121.26,131.23,9.97
3.21,3.47,32.06,34.67,2.61,0,127.94,32.57,5.00094
12.65,13.37,126.51,133.68,7.16
2.93,3.64,29.35,36.39,7.04,0,131.24,34.58,5.00088
12.27,13.64,122.70,136.39,13.70
3.69,4.42,36.88,44.25,7.37,0,192.23,42.64,5.00077
16.05,19.92,160.53,199.22,38.69
3.50,3.49,35.02,34.93,-0.09,0,152.89,32.92,5.00086
15.58,16.05,155.81,160.48,4.67
3.95,4.55,39.46,45.54,6.08,0,225.56,43.31,5.00074
17.72,23.35,177.18,233.51,56.33
4.53,6.53,54.31,78.33,24.03,0,279.94,65.19,5.00085
19.86,28.31,238.28,339.71,101.43
4.65,6.52,46.48,65.22,18.74,0,281.14,65.13,5.00079
20.01,28.51,200.08,285.07,84.99
3.72,4.51,37.16,45.11,7.95,0,252.87,43.4,5.00088
19.53,25.95,195.25,259.55,64.30
4.48,6.52,44.85,65.17,20.32,0,305.64,65.02,5.00089
21.03,30.96,210.28,309.63,99.35
4.10,4.71,40.97,47.11,6.15,0,226.23,45.87,5.00073
18.80,23.23,187.99,232.33,44.34
4.55,6.56,45.50,65.57,20.07,0,384.13,65.47,5.00076
24.50,38.55,245.01,385.45,140.44
4.54,6.52,45.44,65.17,19.73,0,338.88,65.05,5.00084
22.48,34.22,224.82,342.15,117.33
4.61,6.51,46.07,65.14,19.07,0,316.42,65.07,5.00089
21.80,32.01,217.98,320.09,102.11
4.50,6.54,45.01,65.38,20.37,0,427.17,65.32,5.0008
26.79,42.84,267.94,428.41,160.46
4.54,6.52,45.44,65.22,19.78,0,385.02,65.06,5.00079
24.95,38.87,249.48,388.70,139.22
4.51,6.51,45.08,65.06,19.98,0,331.12,65,5.00086
22.73,33.51,227.31,335.14,107.84
4.58,6.53,55.00,78.37,23.38,0,479.61,65.23,5.00079
28.73,48.00,344.81,576.04,231.23
3.17,3.44,31.69,34.42,2.72,0,128.77,32.76,5.00078
12.39,13.52,123.90,135.16,11.26
3.09,3.29,30.94,32.90,1.96,0,126.95,31.4,5.00079
12.10,13.26,120.99,132.55,11.56
2.92,3.62,29.19,36.16,6.96,0,129.1,33.8,5.00091
12.34,13.52,123.36,135.16,11.80
3.68,3.90,36.76,38.95,2.19,0,167.39,35.88,5.00077
15.92,17.93,159.20,179.30,20.10
3.58,3.46,42.98,41.53,-1.45,0,150.35,32.66,5.00076
15.46,15.73,185.53,188.81,3.28
3.74,4.88,37.40,48.82,11.42,0,235.11,47.92,5.00078
17.18,23.92,171.76,239.23,67.48
4.54,6.53,45.37,65.28,19.91,0,279.84,65.16,5.00085
19.55,28.36,195.52,283.60,88.08
4.53,4.58,45.30,45.85,0.55,0,198,42.84,5.00079
19.72,21.08,197.25,210.82,13.57
3.93,4.36,39.27,43.63,4.36,0,246.29,41.91,5.00092
19.92,25.17,199.22,251.69,52.48
4.52,6.50,45.15,65.05,19.90,0,306.77,65,5.00091
21.09,31.07,210.91,310.73,99.83
4.05,5.08,48.65,60.97,12.32,0,234.95,50.41,5.00073
19.04,23.81,228.52,285.66,57.15
4.72,6.55,47.16,65.50,18.34,0,383.89,65.45,5.00076
25.30,38.48,252.97,384.78,131.81
4.56,6.51,45.61,65.05,19.44,0,339.17,64.96,5.00087
22.62,34.27,226.25,342.75,116.50
4.51,6.53,45.15,65.27,20.12,0,312.25,65.19,5.00084
21.86,31.71,218.61,317.11,98.50
4.57,6.54,45.71,65.37,19.66,0,426.72,65.28,5.00079
26.72,42.79,267.19,427.87,160.68
4.50,6.50,45.04,65.04,20.00,0,384.68,64.94,5.00079
24.87,38.84,248.67,388.42,139.75
4.52,6.52,45.15,65.18,20.03,0,329.1,65.05,5.00085
22.16,33.26,221.60,332.60,111.00
4.48,6.54,44.85,65.38,20.53,0,479.83,65.3,5.00081
29.17,48.03,291.74,480.28,188.54
3.36,3.23,33.62,32.30,-1.32,0,126.22,30.47,5.00084
14.00,13.17,140.02,131.73,-8.28
3.17,3.55,31.74,35.45,3.71,0,134.07,33.59,5.00083
12.69,14.01,126.93,140.09,13.16
2.99,3.48,35.87,41.73,5.86,0,130.67,33.68,5.00101
12.71,13.48,152.57,161.76,9.19
3.55,3.88,35.54,38.79,3.25,0,174.18,36.95,5.00083
15.65,18.20,156.53,181.96,25.42
3.37,4.14,33.73,41.44,7.71,0,166.23,39.13,5.00088
14.87,17.56,148.75,175.57,26.82
3.74,4.37,37.38,43.74,6.36,0,219.91,41.99,5.00081
17.57,22.63,175.66,226.33,50.68
4.55,6.51,45.49,65.09,19.60,0,280.14,64.97,5.00079
19.85,28.42,198.46,284.17,85.71
4.45,6.49,44.49,64.93,20.45,0,281.13,64.87,5.00085
20.09,28.57,200.88,285.73,84.85
3.90,4.27,46.80,51.24,4.44,0,242.99,41.44,5.00083
20.09,24.84,241.03,298.02,56.99
4.49,6.51,44.92,65.11,20.19,0,306.57,64.96,5.00086
20.91,31.04,209.13,310.37,101.24
4.05,5.50,40.47,55.05,14.57,0,243.16,53.76,5.00087
18.55,25.00,185.52,250.03,64.50
4.52,6.54,45.17,65.37,20.20,0,384.63,65.22,5.00078
24.53,38.59,245.34,385.91,140.57
4.57,6.51,45.67,65.11,19.44,0,338.13,64.98,5.00089
22.82,34.17,228.19,341.65,113.46
4.52,6.51,54.26,78.08,23.82,0,316.88,65,5.00086
22.26,32.01,267.10,384.07,116.97
4.59,6.55,45.93,65.50,19.58,0,426.08,65.42,5.00077
27.13,42.73,271.30,427.26,155.95
4.52,6.51,45.20,65.11,19.91,0,385.12,64.98,5.00093
24.88,38.89,248.82,388.92,140.11
4.58,6.51,45.83,65.08,19.25,0,329.1,65.01,5.00093
22.77,33.28,227.66,332.82,105.17
4.50,6.55,44.99,65.52,20.54,0,478.4,65.49,5.00077
28.95,47.91,289.47,479.15,189.68
3.18,3.20,31.77,31.96,0.19,0,124.26,30.52,5.00086
12.13,12.96,121.28,129.57,8.29
2.89,3.34,28.93,33.37,4.44,0,126.59,31.5,5.00082
12.10,13.24,120.98,132.43,11.45
2.88,3.63,28.84,36.31,7.47,0,132.24,34.89,5.00092
12.22,13.74,122.17,137.42,15.26
3.59,5.00,35.88,50.02,14.14,0,217.85,48.48,5.00075
15.66,22.29,156.57,222.88,66.32
4.10,3.51,41.01,35.07,-5.94,0,152.03,33.1,5.00083
16.77,15.86,167.73,158.56,-9.17
3.90,5.40,46.78,64.78,18.00,0,249.72,53.19,5.00079
17.61,25.40,211.38,304.81,93.43
4.44,6.53,44.38,65.31,20.94,0,311.01,65.19,5.00083
19.51,31.44,195.13,314.42,119.29
4.80,4.02,48.05,40.25,-7.80,0,183.25,37.78,5.00083
20.19,19.44,201.90,194.44,-7.46
3.75,4.48,37.48,44.80,7.31,0,253.61,43.19,5.00083
19.53,25.90,195.32,259.00,63.68
4.50,6.53,45.02,65.28,20.26,0,306.71,65.1,5.00092
21.07,31.06,210.70,310.61,99.91
4.44,4.72,53.23,56.60,3.37,0,228.01,46.21,5.00092
19.87,23.29,238.42,279.50,41.08
4.79,6.55,47.90,65.47,17.56,0,384.35,65.36,5.00078
25.21,38.55,252.12,385.48,133.37
4.50,6.51,44.99,65.14,20.15,0,338.01,65.05,5.00091
22.44,34.14,224.36,341.38,117.02
4.48,6.51,44.82,65.07,20.25,0,315.67,65.01,5.00095
22.14,32.18,221.38,321.81,100.43
4.55,6.52,45.51,65.23,19.72,0,426.78,65.17,5.0008
26.63,42.78,266.26,427.78,161.52
4.56,6.49,45.55,64.95,19.40,0,385.31,64.9,5.00086
25.24,38.82,252.39,388.15,135.76
4.49,6.50,44.89,64.99,20.11,0,325.08,64.82,5.00077
21.88,32.88,218.75,328.83,110.07
4.51,6.54,45.06,65.36,20.30,0,479.64,65.24,5.00078
29.24,48.01,292.42,480.12,187.71
3.30,3.68,33.03,36.77,3.74,0,130.53,36.23,5.0008
14.03,13.58,140.26,135.77,-4.49
3.19,3.27,38.25,39.29,1.04,0,123.09,29.86,5.00092
12.67,12.86,152.08,154.27,2.18
2.82,3.34,28.23,33.36,5.13,0,126.52,32.22,5.0009
12.03,13.04,120.34,130.41,10.07
3.47,3.91,34.73,39.06,4.33,0,175.22,37.18,5.00084
15.47,18.19,154.73,181.93,27.20
3.36,3.60,33.64,35.96,2.32,0,150.82,33.7,5.00091
14.85,15.84,148.47,158.41,9.94
3.94,5.08,39.42,50.78,11.36,0,242.99,49.6,5.00078
17.90,24.88,178.96,248.85,69.88
4.49,6.51,44.89,65.11,20.22,0,281.78,64.98,5.00082
19.67,28.56,196.66,285.56,88.90
4.56,6.52,54.74,78.20,23.45,0,279.89,65.06,5.00087
20.14,28.32,241.72,339.79,98.07
3.83,4.28,38.35,42.80,4.45,0,243.61,41.34,5.00074
19.65,24.90,196.50,248.98,52.48
4.53,6.51,45.27,65.12,19.85,0,305.85,64.98,5.00089
20.94,30.99,209.41,309.92,100.51
3.93,4.81,39.29,48.08,8.79,0,225.91,46.72,5.00077
18.29,23.19,182.87,231.94,49.07
4.86,6.55,48.60,65.49,16.89,0,383.69,65.43,5.00083
25.17,38.50,251.72,384.95,133.23
4.54,6.51,54.52,78.07,23.56,0,335.78,64.98,5.00086
22.85,33.88,274.20,406.58,132.38
4.46,6.50,44.55,64.96,20.41,0,310.71,64.82,5.00085
21.59,31.48,215.92,314.75,98.83
4.47,6.53,44.74,65.28,20.54,0,426.68,65.23,5.00077
26.77,42.77,267.66,427.72,160.05
4.49,6.50,44.89,65.00,20.12,0,384.53,64.86,5.00087
24.96,38.85,249.62,388.46,138.84
4.55,6.51,45.52,65.08,19.56,0,330.73,64.88,5.00086
22.82,33.36,228.19,333.60,105.41
4.53,6.53,54.40,78.41,24.01,0,479.98,65.33,5.00078
28.81,48.05,345.73,576.57,230.84

